##TITLE= Parameter file, TOPSPIN		Version 3.2
##JCAMPDX= 5.0
##DATATYPE= Parameter Values
##NPOINTS= 2	$$ modification sequence number
##ORIGIN= Bruker BioSpin GmbH
##OWNER= nmrsu
$$ 2019-08-01 10:50:31.249 +0100  nmrsu@CZC1316Q6G
$$ C:/Data/MSc/Macnab/EMKM-71R2/5/pdata/1/clevels
$$ process C:\Bruker\TopSpin3.2.6\prog\mod\proc2d.exe
##$LEVELS= (0..255)
38279.07 -38279.07 39939.11 -39939.11 41671.15 -41671.15 43478.29 -43478.29
45363.8 -45363.8 47331.09 -47331.09 49383.69 -49383.69 51525.3 -51525.3
53759.79 -53759.79 56091.18 -56091.18 58523.67 -58523.67 61061.66 -61061.66
63709.7 -63709.7 66472.59 -66472.59 69355.29 -69355.29 72363.01 -72363.01
75501.16 -75501.16 78775.41 -78775.41 82191.65 -82191.65 85756.03 -85756.03
89475 -89475 93355.24 -93355.24 97403.76 -97403.76 101627.85 -101627.85
106035.13 -106035.13 110633.53 -110633.53 115431.35 -115431.35 120437.24
-120437.24 125660.22 -125660.22 131109.7 -131109.7 136795.51 -136795.51
142727.89 -142727.89 0 0 0 0 0 0 0 0 0 0 0 0 0 0 0 0 0 0 0 0 0 0 0 0 0
0 0 0 0 0 0 0 0 0 0 0 0 0 0 0 0 0 0 0 0 0 0 0 0 0 0 0 0 0 0 0 0 0 0 0 0
0 0 0 0 0 0 0 0 0 0 0 0 0 0 0 0 0 0 0 0 0 0 0 0 0 0 0 0 0 0 0 0 0 0 0 0
0 0 0 0 0 0 0 0 0 0 0 0 0 0 0 0 0 0 0 0 0 0 0 0 0 0 0 0 0 0 0 0 0 0 0 0
0 0 0 0 0 0 0 0 0 0 0 0 0 0 0 0 0 0 0 0 0 0 0 0 0 0 0 0 0 0 0 0 0 0 0 0
0 0 0 0 0 0 0 0 0 0 0 0 0 0 0 0 0 0 0 0 0 0 0
##$LEVSIGN= 3
##$MAXLEV= 32
##$METHOD= 0
##$NEGBASE= -38279.07
##$NEGINCR= 1.8
##$POSBASE= 38279.07
##$POSINCR= 1.8
##END=
