##TITLE= Parameter file, TOPSPIN		Version 3.2
##JCAMPDX= 5.0
##DATATYPE= Parameter Values
##NPOINTS= 2	$$ modification sequence number
##ORIGIN= Bruker BioSpin GmbH
##OWNER= NMR Superuser
$$ 2019-08-05 13:51:39.891 +0100  NMR Superuser@new_nmr
$$ C:/Data/MSc/Macnab/EMKM-11P1/6/pdata/1/clevels
$$ process C:\Bruker\TopSpin3.2\prog\mod\proc2d.exe
##$LEVELS= (0..255)
80009.64 -80009.64 89263.46 -89263.46 99587.55 -99587.55 111105.72 -111105.72
123956.06 -123956.06 138292.66 -138292.66 154287.41 -154287.41 172132.09
-172132.09 192040.67 -192040.67 214251.84 -214251.84 239031.93 -239031.93
266678.05 -266678.05 297521.69 -297521.69 331932.66 -331932.66 370323.56
-370323.56 413154.71 -413154.71 460939.64 -460939.64 514251.32 -514251.32
573728.96 -573728.96 640085.71 -640085.71 714117.19 -714117.19 796711.06
-796711.06 888857.62 -888857.62 991661.74 -991661.74 1106356.05 -1106356.05
1234315.75 -1234315.75 1377075.11 -1377075.11 1536345.82 -1536345.82 1714037.59
-1714037.59 1912280.95 -1912280.95 2133452.87 -2133452.87 2380205.26 -2380205.26
0 0 0 0 0 0 0 0 0 0 0 0 0 0 0 0 0 0 0 0 0 0 0 0 0 0 0 0 0 0 0 0 0 0 0 0
0 0 0 0 0 0 0 0 0 0 0 0 0 0 0 0 0 0 0 0 0 0 0 0 0 0 0 0 0 0 0 0 0 0 0 0
0 0 0 0 0 0 0 0 0 0 0 0 0 0 0 0 0 0 0 0 0 0 0 0 0 0 0 0 0 0 0 0 0 0 0 0
0 0 0 0 0 0 0 0 0 0 0 0 0 0 0 0 0 0 0 0 0 0 0 0 0 0 0 0 0 0 0 0 0 0 0 0
0 0 0 0 0 0 0 0 0 0 0 0 0 0 0 0 0 0 0 0 0 0 0 0 0 0 0 0 0 0 0 0 0 0 0 0
0 0 0 0 0 0 0 0 0 0 0 0
##$LEVSIGN= 3
##$MAXLEV= 32
##$METHOD= 0
##$NEGBASE= -80009.64
##$NEGINCR= 1.8
##$POSBASE= 80009.64
##$POSINCR= 1.8
##END=
