##TITLE= Parameter file, TOPSPIN		Version 3.2
##JCAMPDX= 5.0
##DATATYPE= Parameter Values
##NPOINTS= 2	$$ modification sequence number
##ORIGIN= Bruker BioSpin GmbH
##OWNER= NMR Superuser
$$ 2019-08-06 12:49:09.819 +0100  NMR Superuser@new_nmr
$$ C:/Data/MSc/Macnab/EMKM-51P1/5/pdata/1/clevels
$$ process C:\Bruker\TopSpin3.2\prog\mod\proc2d.exe
##$LEVELS= (0..255)
81704.15 -81704.15 83815.15 -83815.15 85980.69 -85980.69 88202.19 -88202.19
90481.08 -90481.08 92818.86 -92818.86 95217.03 -95217.03 97677.17 -97677.17
100200.87 -100200.87 102789.78 -102789.78 105445.57 -105445.57 108169.99
-108169.99 110964.79 -110964.79 113831.8 -113831.8 116772.89 -116772.89
119789.97 -119789.97 122885.01 -122885.01 126060.01 -126060.01 129317.04
-129317.04 132658.22 -132658.22 136085.73 -136085.73 139601.8 -139601.8
143208.71 -143208.71 146908.82 -146908.82 150704.53 -150704.53 154598.3
-154598.3 158592.68 -158592.68 162690.27 -162690.27 166893.72 -166893.72
171205.78 -171205.78 175629.25 -175629.25 180167.01 -180167.01 0 0 0 0
0 0 0 0 0 0 0 0 0 0 0 0 0 0 0 0 0 0 0 0 0 0 0 0 0 0 0 0 0 0 0 0 0 0 0 0
0 0 0 0 0 0 0 0 0 0 0 0 0 0 0 0 0 0 0 0 0 0 0 0 0 0 0 0 0 0 0 0 0 0 0 0
0 0 0 0 0 0 0 0 0 0 0 0 0 0 0 0 0 0 0 0 0 0 0 0 0 0 0 0 0 0 0 0 0 0 0 0
0 0 0 0 0 0 0 0 0 0 0 0 0 0 0 0 0 0 0 0 0 0 0 0 0 0 0 0 0 0 0 0 0 0 0 0
0 0 0 0 0 0 0 0 0 0 0 0 0 0 0 0 0 0 0 0 0 0 0 0 0 0 0 0 0 0 0 0 0 0 0 0
0 0 0 0 0 0 0 0
##$LEVSIGN= 3
##$MAXLEV= 32
##$METHOD= 0
##$NEGBASE= -81704.15
##$NEGINCR= 1.8
##$POSBASE= 81704.15
##$POSINCR= 1.8
##END=
