##TITLE= Parameter file, TOPSPIN		Version 3.2
##JCAMPDX= 5.0
##DATATYPE= Parameter Values
##NPOINTS= 2	$$ modification sequence number
##ORIGIN= Bruker BioSpin GmbH
##OWNER= nmrsu
$$ 2019-06-27 17:51:53.936 +0100  nmrsu@CZC1316Q6G
$$ C:/Data/MSc/Macnab/EMKM-31P1/6/pdata/1/clevels
$$ process C:\Bruker\TopSpin3.2.6\prog\mod\proc2d.exe
##$LEVELS= (0..255)
140949.63 -140949.63 148553.64 -148553.64 156567.87 -156567.87 165014.45
-165014.45 173916.71 -173916.71 183299.24 -183299.24 193187.94 -193187.94
203610.11 -203610.11 214594.55 -214594.55 226171.58 -226171.58 238373.17
-238373.17 251233.02 -251233.02 264786.63 -264786.63 279071.44 -279071.44
294126.9 -294126.9 309994.57 -309994.57 326718.27 -326718.27 344344.19
-344344.19 362921.01 -362921.01 382500.01 -382500.01 403135.26 -403135.26
424883.76 -424883.76 447805.55 -447805.55 471963.94 -471963.94 497425.63
-497425.63 524260.93 -524260.93 552543.96 -552543.96 582352.82 -582352.82
613769.81 -613769.81 646881.7 -646881.7 681779.92 -681779.92 718560.84
-718560.84 0 0 0 0 0 0 0 0 0 0 0 0 0 0 0 0 0 0 0 0 0 0 0 0 0 0 0 0 0 0
0 0 0 0 0 0 0 0 0 0 0 0 0 0 0 0 0 0 0 0 0 0 0 0 0 0 0 0 0 0 0 0 0 0 0 0
0 0 0 0 0 0 0 0 0 0 0 0 0 0 0 0 0 0 0 0 0 0 0 0 0 0 0 0 0 0 0 0 0 0 0 0
0 0 0 0 0 0 0 0 0 0 0 0 0 0 0 0 0 0 0 0 0 0 0 0 0 0 0 0 0 0 0 0 0 0 0 0
0 0 0 0 0 0 0 0 0 0 0 0 0 0 0 0 0 0 0 0 0 0 0 0 0 0 0 0 0 0 0 0 0 0 0 0
0 0 0 0 0 0 0 0 0 0 0 0 0 0 0 0 0 0
##$LEVSIGN= 3
##$MAXLEV= 32
##$METHOD= 0
##$NEGBASE= -140949.63
##$NEGINCR= 1.8
##$POSBASE= 140949.63
##$POSINCR= 1.8
##END=
