##TITLE= Parameter file, TOPSPIN		Version 3.2
##JCAMPDX= 5.0
##DATATYPE= Parameter Values
##NPOINTS= 2	$$ modification sequence number
##ORIGIN= Bruker BioSpin GmbH
##OWNER= nmrsu
$$ 2019-08-09 10:26:41.236 +0100  nmrsu@CZC1316Q6G
$$ C:/Data/MSc/Macnab/EMKM-91P1/9/pdata/1/clevels
$$ process C:\Bruker\TopSpin3.2.6\prog\mod\proc2d.exe
##$LEVELS= (0..255)
121695.05 -121695.05 131113.13 -131113.13 141260.07 -141260.07 152192.3
-152192.3 163970.58 -163970.58 176660.39 -176660.39 190332.27 -190332.27
205062.23 -205062.23 220932.15 -220932.15 238030.26 -238030.26 256451.61
-256451.61 276298.6 -276298.6 297681.56 -297681.56 320719.36 -320719.36
345540.08 -345540.08 372281.69 -372281.69 401092.86 -401092.86 432133.74
-432133.74 465576.9 -465576.9 501608.26 -501608.26 540428.1 -540428.1 582252.25
-582252.25 627313.2 -627313.2 675861.45 -675861.45 728166.88 -728166.88
784520.28 -784520.28 845234.9 -845234.9 910648.28 -910648.28 981124.05
-981124.05 1057053.99 -1057053.99 1138860.21 -1138860.21 1226997.48 -1226997.48
0 0 0 0 0 0 0 0 0 0 0 0 0 0 0 0 0 0 0 0 0 0 0 0 0 0 0 0 0 0 0 0 0 0 0 0
0 0 0 0 0 0 0 0 0 0 0 0 0 0 0 0 0 0 0 0 0 0 0 0 0 0 0 0 0 0 0 0 0 0 0 0
0 0 0 0 0 0 0 0 0 0 0 0 0 0 0 0 0 0 0 0 0 0 0 0 0 0 0 0 0 0 0 0 0 0 0 0
0 0 0 0 0 0 0 0 0 0 0 0 0 0 0 0 0 0 0 0 0 0 0 0 0 0 0 0 0 0 0 0 0 0 0 0
0 0 0 0 0 0 0 0 0 0 0 0 0 0 0 0 0 0 0 0 0 0 0 0 0 0 0 0 0 0 0 0 0 0 0 0
0 0 0 0 0 0 0 0 0 0 0 0
##$LEVSIGN= 3
##$MAXLEV= 32
##$METHOD= 0
##$NEGBASE= -121695.05
##$NEGINCR= 1.8
##$POSBASE= 121695.05
##$POSINCR= 1.8
##END=
