##TITLE= Parameter file, TOPSPIN		Version 3.2
##JCAMPDX= 5.0
##DATATYPE= Parameter Values
##NPOINTS= 2	$$ modification sequence number
##ORIGIN= Bruker BioSpin GmbH
##OWNER= NMR Superuser
$$ 2019-07-24 14:26:06.451 +0100  NMR Superuser@new_nmr
$$ C:/Data/MSc/Macnab/EMKM-81P/4/pdata/1/clevels
$$ process C:\Bruker\TopSpin3.2\prog\mod\proc2d.exe
##$LEVELS= (0..255)
83078.45 -83078.45 86491.4 -86491.4 90044.55 -90044.55 93743.68 -93743.68
97594.76 -97594.76 101604.06 -101604.06 105778.06 -105778.06 110123.53
-110123.53 114647.52 -114647.52 119357.36 -119357.36 124260.69 -124260.69
129365.44 -129365.44 134679.91 -134679.91 140212.7 -140212.7 145972.79
-145972.79 151969.5 -151969.5 158212.57 -158212.57 164712.1 -164712.1 171478.65
-171478.65 178523.17 -178523.17 185857.09 -185857.09 193492.29 -193492.29
201441.15 -201441.15 209716.57 -209716.57 218331.94 -218331.94 227301.24
-227301.24 236639.02 -236639.02 246360.39 -246360.39 256481.13 -256481.13
267017.64 -267017.64 277987.01 -277987.01 289407 -289407 0 0 0 0 0 0 0
0 0 0 0 0 0 0 0 0 0 0 0 0 0 0 0 0 0 0 0 0 0 0 0 0 0 0 0 0 0 0 0 0 0 0 0
0 0 0 0 0 0 0 0 0 0 0 0 0 0 0 0 0 0 0 0 0 0 0 0 0 0 0 0 0 0 0 0 0 0 0 0
0 0 0 0 0 0 0 0 0 0 0 0 0 0 0 0 0 0 0 0 0 0 0 0 0 0 0 0 0 0 0 0 0 0 0 0
0 0 0 0 0 0 0 0 0 0 0 0 0 0 0 0 0 0 0 0 0 0 0 0 0 0 0 0 0 0 0 0 0 0 0 0
0 0 0 0 0 0 0 0 0 0 0 0 0 0 0 0 0 0 0 0 0 0 0 0 0 0 0 0 0 0 0 0 0 0 0 0
0 0 0 0 0
##$LEVSIGN= 3
##$MAXLEV= 32
##$METHOD= 0
##$NEGBASE= -83078.45
##$NEGINCR= 1.8
##$POSBASE= 83078.45
##$POSINCR= 1.8
##END=
