P 0
16.999670   16.871653
8.803073   8.640725
8.640572   8.500349
8.223411   8.127284
8.127131   8.083645
8.083492   7.991637
7.991485   7.819829
7.819677   7.712563
7.712411   7.562422
7.562269   7.135343
7.135190   7.032654
7.032502   6.902959
6.902806   6.734965
5.528951   5.395898
5.287107   5.148104
4.935556   4.719651
3.965587   3.797135
3.796983   3.665151
3.586113   3.412932
2.552822   2.412599
2.412446   2.320591
2.320439   1.532806
1.532654   1.449801
1.449649   1.375188
1.375036   1.325446
1.325294   1.156537
