##TITLE= Parameter file, TOPSPIN		Version 3.2
##JCAMPDX= 5.0
##DATATYPE= Parameter Values
##NPOINTS= 2	$$ modification sequence number
##ORIGIN= Bruker BioSpin GmbH
##OWNER= NMR Superuser
$$ 2019-08-06 10:49:07.536 +0100  NMR Superuser@new_nmr
$$ C:/Data/MSc/Macnab/EMKM-21P1/4/pdata/1/clevels
$$ process C:\Bruker\TopSpin3.2\prog\mod\proc2d.exe
##$LEVELS= (0..255)
79884.84 -79884.84 91283.75 -91283.75 104309.19 -104309.19 119193.25 -119193.25
136201.14 -136201.14 155635.92 -155635.92 177843.89 -177843.89 203220.75
-203220.75 232218.67 -232218.67 265354.37 -265354.37 303218.25 -303218.25
346484.99 -346484.99 395925.55 -395925.55 452420.86 -452420.86 516977.59
-516977.59 590746.03 -590746.03 675040.62 -675040.62 771363.35 -771363.35
881430.54 -881430.54 1007203.42 -1007203.42 1150923.05 -1150923.05 1315150.28
-1315150.28 1502811.39 -1502811.39 1717250.18 -1717250.18 1962287.63 -1962287.63
2242289.91 -2242289.91 2562246.19 -2562246.19 2927857.61 -2927857.61 3345638.76
-3345638.76 3823033.84 -3823033.84 4368549.26 -4368549.26 4991905.23 -4991905.23
0 0 0 0 0 0 0 0 0 0 0 0 0 0 0 0 0 0 0 0 0 0 0 0 0 0 0 0 0 0 0 0 0 0 0 0
0 0 0 0 0 0 0 0 0 0 0 0 0 0 0 0 0 0 0 0 0 0 0 0 0 0 0 0 0 0 0 0 0 0 0 0
0 0 0 0 0 0 0 0 0 0 0 0 0 0 0 0 0 0 0 0 0 0 0 0 0 0 0 0 0 0 0 0 0 0 0 0
0 0 0 0 0 0 0 0 0 0 0 0 0 0 0 0 0 0 0 0 0 0 0 0 0 0 0 0 0 0 0 0 0 0 0 0
0 0 0 0 0 0 0 0 0 0 0 0 0 0 0 0 0 0 0 0 0 0 0 0 0 0 0 0 0 0 0 0 0 0 0 0
0 0 0 0 0 0 0 0 0 0 0 0
##$LEVSIGN= 3
##$MAXLEV= 32
##$METHOD= 0
##$NEGBASE= -79884.84
##$NEGINCR= 1.8
##$POSBASE= 79884.84
##$POSINCR= 1.8
##END=
