P 0
8.244925   8.071438
7.901614   7.790686
7.790533   7.663737
7.663584   7.589887
7.589734   7.396564
7.396412   7.188289
7.188136   7.077209
7.011140   6.901738
6.901586   6.803628
5.016883   4.823408
4.823255   4.744827
3.858474   3.682546
3.603508   3.459012
3.458859   3.370056
3.369903   3.206335
2.912155   2.760945
2.496519   2.329899
2.304570   2.110180
2.110027   1.919299
1.839955   1.751610
1.751457   1.693018
1.692866   1.458956
1.458804   1.363439
1.343298   1.152570
0.979846   0.837028
