P 0
16.999670   16.908120
16.907968   16.792310
9.978418   9.836211
7.962189   7.754829
7.618878   7.485215
7.471025   7.377186
7.377034   7.263512
7.263360   7.221399
7.221247   7.077819
7.075683   6.942325
6.942173   6.855963
5.983647   5.870889
5.870736   5.827555
5.827403   5.626146
5.625993   5.428093
5.427941   5.254912
5.254759   5.181672
5.181519   5.083256
5.083104   4.937997
4.357267   4.285095
4.284943   4.208346
4.208194   4.082008
3.951854   3.820938
3.820786   3.696126
3.669424   3.573144
3.572991   3.513942
3.513789   3.454129
3.453977   3.370972
3.370819   3.266300
3.266147   3.163001
3.161170   3.055430
3.055278   2.922225
2.922073   2.879502
2.879350   2.836169
2.836016   1.610929
1.610776   1.390141
1.389989   1.335517
1.335364   1.197887
