##TITLE= Parameter file, TOPSPIN		Version 3.2
##JCAMPDX= 5.0
##DATATYPE= Parameter Values
##NPOINTS= 2	$$ modification sequence number
##ORIGIN= Bruker BioSpin GmbH
##OWNER= NMR Superuser
$$ 2019-08-05 12:41:52.532 +0100  NMR Superuser@new_nmr
$$ C:/Data/MSc/Macnab/EMKM-04P1/6/pdata/1/clevels
$$ process C:\Bruker\TopSpin3.2\prog\mod\proc2d.exe
##$LEVELS= (0..255)
81033.75 -81033.75 92548.29 -92548.29 105699.01 -105699.01 120718.38 -120718.38
137871.95 -137871.95 157462.96 -157462.96 179837.77 -179837.77 205391.95
-205391.95 234577.27 -234577.27 267909.69 -267909.69 305978.51 -305978.51
349456.74 -349456.74 399113.04 -399113.04 455825.29 -455825.29 520596.11
-520596.11 594570.58 -594570.58 679056.51 -679056.51 775547.53 -775547.53
885749.5 -885749.5 1011610.7 -1011610.7 1155356.24 -1155356.24 1319527.41
-1319527.41 1507026.59 -1507026.59 1721168.6 -1721168.6 1965739.26 -1965739.26
2245062.38 -2245062.38 2564076.1 -2564076.1 2928420.31 -2928420.31 3344536.26
-3344536.26 3819780.51 -3819780.51 4362554.92 -4362554.92 4982455.25 -4982455.25
0 0 0 0 0 0 0 0 0 0 0 0 0 0 0 0 0 0 0 0 0 0 0 0 0 0 0 0 0 0 0 0 0 0 0 0
0 0 0 0 0 0 0 0 0 0 0 0 0 0 0 0 0 0 0 0 0 0 0 0 0 0 0 0 0 0 0 0 0 0 0 0
0 0 0 0 0 0 0 0 0 0 0 0 0 0 0 0 0 0 0 0 0 0 0 0 0 0 0 0 0 0 0 0 0 0 0 0
0 0 0 0 0 0 0 0 0 0 0 0 0 0 0 0 0 0 0 0 0 0 0 0 0 0 0 0 0 0 0 0 0 0 0 0
0 0 0 0 0 0 0 0 0 0 0 0 0 0 0 0 0 0 0 0 0 0 0 0 0 0 0 0 0 0 0 0 0 0 0 0
0 0 0 0 0 0 0 0 0 0 0 0
##$LEVSIGN= 3
##$MAXLEV= 32
##$METHOD= 0
##$NEGBASE= -81033.75
##$NEGINCR= 1.8
##$POSBASE= 81033.75
##$POSINCR= 1.8
##END=
