##TITLE= Parameter file, TOPSPIN		Version 3.2
##JCAMPDX= 5.0
##DATATYPE= Parameter Values
##NPOINTS= 2	$$ modification sequence number
##ORIGIN= Bruker BioSpin GmbH
##OWNER= nmrsu
$$ 2019-08-08 11:22:38.519 +0100  nmrsu@CZC1316Q6G
$$ C:/Data/MSc/Macnab/EMKM-51P1/8/pdata/1/clevels
$$ process C:\Bruker\TopSpin3.2.6\prog\mod\proc2d.exe
##$LEVELS= (0..255)
126723.72 -126723.72 131943.41 -131943.41 137378.1 -137378.1 143036.64
-143036.64 148928.26 -148928.26 155062.55 -155062.55 161449.5 -161449.5
168099.54 -168099.54 175023.48 -175023.48 182232.62 -182232.62 189738.7
-189738.7 197553.96 -197553.96 205691.12 -205691.12 214163.44 -214163.44
222984.74 -222984.74 232169.38 -232169.38 241732.34 -241732.34 251689.18
-251689.18 262056.15 -262056.15 272850.12 -272850.12 284088.7 -284088.7
295790.19 -295790.19 307973.65 -307973.65 320658.95 -320658.95 333866.75
-333866.75 347618.57 -347618.57 361936.83 -361936.83 376844.84 -376844.84
392366.92 -392366.92 408528.34 -408528.34 425355.44 -425355.44 442875.64
-442875.64 0 0 0 0 0 0 0 0 0 0 0 0 0 0 0 0 0 0 0 0 0 0 0 0 0 0 0 0 0 0
0 0 0 0 0 0 0 0 0 0 0 0 0 0 0 0 0 0 0 0 0 0 0 0 0 0 0 0 0 0 0 0 0 0 0 0
0 0 0 0 0 0 0 0 0 0 0 0 0 0 0 0 0 0 0 0 0 0 0 0 0 0 0 0 0 0 0 0 0 0 0 0
0 0 0 0 0 0 0 0 0 0 0 0 0 0 0 0 0 0 0 0 0 0 0 0 0 0 0 0 0 0 0 0 0 0 0 0
0 0 0 0 0 0 0 0 0 0 0 0 0 0 0 0 0 0 0 0 0 0 0 0 0 0 0 0 0 0 0 0 0 0 0 0
0 0 0 0 0 0 0 0 0 0 0 0 0 0 0 0 0 0
##$LEVSIGN= 3
##$MAXLEV= 32
##$METHOD= 0
##$NEGBASE= -126723.72
##$NEGINCR= 1.8
##$POSBASE= 126723.72
##$POSINCR= 1.8
##END=
