P 0
229.874842   229.457826
228.919496   228.447510
222.489869   222.091808
221.873823   221.303269
218.494098   218.020216
215.220523   214.693567
205.966561   205.479410
203.771541   203.346943
200.695101   200.192786
195.275789   194.650265
194.648370   194.174488
182.960551   182.554908
179.603573   178.856735
177.152656   176.760282
168.812338   168.431337
135.318378   134.916526
134.404734   133.900524
132.721506   132.114937
131.201293   130.562501
130.560605   130.272485
125.156458   124.722382
124.667412   124.292098
124.290202   123.952798
121.022314   120.569283
119.661326   119.369414
119.367519   118.937234
118.393218   117.896590
114.710209   114.376597
114.281820   113.643028
100.759131   100.366757
91.829304   91.154497
88.311206   87.909354
84.025420   83.650106
82.804701   82.325132
80.583143   80.027754
79.375692   79.040184
79.038289   78.391914
78.390018   77.358852
77.356956   76.900134
76.898239   76.469850
65.983795   65.587630
61.709382   61.299948
59.154211   58.640524
54.517753   54.077990
34.808064   34.451705
34.449809   34.082077
33.930435   33.407270
32.628208   32.228252
28.715840   27.859062
-13.169617   -13.946784
-13.948679   -14.236799
