P 0
8.020932   7.920222
7.920070   7.813409
7.813256   7.677604
7.650748   7.550190
7.550038   7.517689
7.517536   7.433917
7.433764   7.407824
7.407671   7.320542
7.320389   7.260116
7.259963   7.146741
7.146589   7.055797
7.055645   6.874978
5.284222   5.175578
4.133537   4.053122
4.052970   4.011465
4.011312   3.929066
3.510205   3.425975
3.425823   3.357005
3.356852   3.287728
3.287576   3.204109
3.037785   2.901675
2.901522   2.800355
2.083179   2.008715
2.008563   1.914872
1.670575   1.573832
1.573680   1.362342
1.270330   1.114840
0.916320   0.790128
