P 0
8.740295   8.646451
8.646299   8.577786
8.577633   8.499354
8.499202   8.457697
8.457544   8.375451
8.375298   8.266806
8.266654   8.199514
8.199361   8.149464
8.149312   8.107349
8.107197   8.026781
7.813613   7.709241
7.709088   7.612498
7.612346   7.533609
7.533456   6.876097
6.875944   6.766537
5.276948   5.162658
4.886622   4.736778
4.603567   4.410235
4.396349   4.297470
4.297318   4.272903
4.272751   4.152204
4.152051   4.005565
4.005412   3.867775
3.588382   3.468599
3.468446   3.322722
2.258861   2.118783
1.715487   1.525817
