P 0
231.287009   230.896531
228.572615   228.157494
228.155599   227.696881
226.961417   226.294191
219.743250   219.240936
214.196939   213.609325
210.337646   209.943376
209.355763   209.010777
207.983402   207.532266
205.608306   205.147693
201.929089   201.523446
195.237879   194.818967
192.407857   191.987050
190.161658   189.655552
188.952311   188.542878
188.226325   187.655771
180.871680   180.439500
173.422260   172.944587
153.991213   153.541973
148.740604   148.473334
148.471439   148.037363
145.933328   145.552328
143.328874   142.813291
139.122700   138.715162
132.370833   131.904534
131.874205   131.515951
130.418441   130.096201
123.683634   123.226812
121.390046   121.031792
118.088038   117.735470
116.355527   115.875958
115.874063   115.553719
115.146181   114.750015
105.770904   105.317874
102.038612   101.593163
96.473345   96.044956
91.317512   90.815197
86.525620   86.038469
86.025201   85.526677
83.634941   83.212239
82.603775   82.247416
81.781116   81.337563
78.899915   78.460153
78.458257   77.339896
77.338001   76.900134
76.892552   76.481223
51.335163   50.829057
45.021163   44.604147
43.150278   42.486843
37.114920   36.694113
36.024992   35.553006
30.474889   30.112844
28.878856   28.211630
13.737387   13.299520
12.435160   12.042786
11.053321   10.431588
8.435598   7.946552
-9.291369   -9.755774
