##TITLE= Parameter file, TOPSPIN		Version 3.2
##JCAMPDX= 5.0
##DATATYPE= Parameter Values
##NPOINTS= 2	$$ modification sequence number
##ORIGIN= Bruker BioSpin GmbH
##OWNER= NMR Superuser
$$ 2019-08-06 13:22:00.118 +0100  NMR Superuser@new_nmr
$$ C:/Data/MSc/Macnab/EMKM-42C5/6/pdata/1/clevels
$$ process C:\Bruker\TopSpin3.2\prog\mod\proc2d.exe
##$LEVELS= (0..255)
79339.59 -79339.59 85661.37 -85661.37 92486.86 -92486.86 99856.21 -99856.21
107812.75 -107812.75 116403.27 -116403.27 125678.27 -125678.27 135692.31
-135692.31 146504.27 -146504.27 158177.73 -158177.73 170781.32 -170781.32
184389.17 -184389.17 199081.29 -199081.29 214944.07 -214944.07 232070.81
-232070.81 250562.2 -250562.2 270526.98 -270526.98 292082.56 -292082.56
315355.69 -315355.69 340483.21 -340483.21 367612.9 -367612.9 396904.28
-396904.28 428529.59 -428529.59 462674.81 -462674.81 499540.72 -499540.72
539344.1 -539344.1 582319.01 -582319.01 628718.16 -628718.16 678814.39
-678814.39 732902.29 -732902.29 791299.91 -791299.91 854350.65 -854350.65
0 0 0 0 0 0 0 0 0 0 0 0 0 0 0 0 0 0 0 0 0 0 0 0 0 0 0 0 0 0 0 0 0 0 0 0
0 0 0 0 0 0 0 0 0 0 0 0 0 0 0 0 0 0 0 0 0 0 0 0 0 0 0 0 0 0 0 0 0 0 0 0
0 0 0 0 0 0 0 0 0 0 0 0 0 0 0 0 0 0 0 0 0 0 0 0 0 0 0 0 0 0 0 0 0 0 0 0
0 0 0 0 0 0 0 0 0 0 0 0 0 0 0 0 0 0 0 0 0 0 0 0 0 0 0 0 0 0 0 0 0 0 0 0
0 0 0 0 0 0 0 0 0 0 0 0 0 0 0 0 0 0 0 0 0 0 0 0 0 0 0 0 0 0 0 0 0 0 0 0
0 0 0 0 0 0 0 0 0 0 0 0
##$LEVSIGN= 3
##$MAXLEV= 32
##$METHOD= 0
##$NEGBASE= -79339.59
##$NEGINCR= 1.8
##$POSBASE= 79339.59
##$POSINCR= 1.8
##END=
