##TITLE= Parameter file, TOPSPIN		Version 3.2
##JCAMPDX= 5.0
##DATATYPE= Parameter Values
##NPOINTS= 2	$$ modification sequence number
##ORIGIN= Bruker BioSpin GmbH
##OWNER= nmrsu
$$ 2019-08-05 15:28:36.549 +0100  nmrsu@CZC1316Q6G
$$ C:/Data/MSc/Macnab/EMKM-13Q/7/pdata/1/clevels
$$ process C:\Bruker\TopSpin3.2.6\prog\mod\proc2d.exe
##$LEVELS= (0..255)
148430.62 -148430.62 164910.33 -164910.33 183219.72 -183219.72 203561.94
-203561.94 226162.67 -226162.67 251272.69 -251272.69 279170.58 -279170.58
310165.87 -310165.87 344602.45 -344602.45 382862.4 -382862.4 425370.21
-425370.21 472597.51 -472597.51 525068.28 -525068.28 583364.7 -583364.7
648133.54 -648133.54 720093.44 -720093.44 800042.78 -800042.78 888868.61
-888868.61 987556.44 -987556.44 1097201.22 -1097201.22 1219019.46 -1219019.46
1354362.73 -1354362.73 1504732.67 -1504732.67 1671797.64 -1671797.64 1857411.21
-1857411.21 2063632.79 -2063632.79 2292750.39 -2292750.39 2547306.08 -2547306.08
2830124.16 -2830124.16 3144342.49 -3144342.49 3493447.34 -3493447.34 3881312.02
-3881312.02 0 0 0 0 0 0 0 0 0 0 0 0 0 0 0 0 0 0 0 0 0 0 0 0 0 0 0 0 0 0
0 0 0 0 0 0 0 0 0 0 0 0 0 0 0 0 0 0 0 0 0 0 0 0 0 0 0 0 0 0 0 0 0 0 0 0
0 0 0 0 0 0 0 0 0 0 0 0 0 0 0 0 0 0 0 0 0 0 0 0 0 0 0 0 0 0 0 0 0 0 0 0
0 0 0 0 0 0 0 0 0 0 0 0 0 0 0 0 0 0 0 0 0 0 0 0 0 0 0 0 0 0 0 0 0 0 0 0
0 0 0 0 0 0 0 0 0 0 0 0 0 0 0 0 0 0 0 0 0 0 0 0 0 0 0 0 0 0 0 0 0 0 0 0
0 0 0 0 0 0 0 0 0 0 0 0 0 0 0 0 0 0
##$LEVSIGN= 3
##$MAXLEV= 32
##$METHOD= 0
##$NEGBASE= -148430.62
##$NEGINCR= 1.8
##$POSBASE= 148430.62
##$POSINCR= 1.8
##END=
