##TITLE= Parameter file, TOPSPIN		Version 3.2
##JCAMPDX= 5.0
##DATATYPE= Parameter Values
##NPOINTS= 2	$$ modification sequence number
##ORIGIN= Bruker BioSpin GmbH
##OWNER= NMR Superuser
$$ 2019-08-09 10:22:49.354 +0100  NMR Superuser@new_nmr
$$ C:/Data/MSc/Macnab/EMKM-51P1/12/pdata/1/clevels
$$ process C:\Bruker\TopSpin3.2\prog\mod\proc2d.exe
##$LEVELS= (0..255)
83834.79 -83834.79 89998.29 -89998.29 96614.92 -96614.92 103718.01 -103718.01
111343.31 -111343.31 119529.22 -119529.22 128316.96 -128316.96 137750.77
-137750.77 147878.14 -147878.14 158750.08 -158750.08 170421.31 -170421.31
182950.61 -182950.61 196401.06 -196401.06 210840.38 -210840.38 226341.27
-226341.27 242981.79 -242981.79 260845.7 -260845.7 280022.96 -280022.96
300610.13 -300610.13 322710.85 -322710.85 346436.41 -346436.41 371906.26
-371906.26 399248.65 -399248.65 428601.23 -428601.23 460111.81 -460111.81
493939.02 -493939.02 530253.2 -530253.2 569237.19 -569237.19 611087.25
-611087.25 656014.12 -656014.12 704243.99 -704243.99 756019.7 -756019.7
0 0 0 0 0 0 0 0 0 0 0 0 0 0 0 0 0 0 0 0 0 0 0 0 0 0 0 0 0 0 0 0 0 0 0 0
0 0 0 0 0 0 0 0 0 0 0 0 0 0 0 0 0 0 0 0 0 0 0 0 0 0 0 0 0 0 0 0 0 0 0 0
0 0 0 0 0 0 0 0 0 0 0 0 0 0 0 0 0 0 0 0 0 0 0 0 0 0 0 0 0 0 0 0 0 0 0 0
0 0 0 0 0 0 0 0 0 0 0 0 0 0 0 0 0 0 0 0 0 0 0 0 0 0 0 0 0 0 0 0 0 0 0 0
0 0 0 0 0 0 0 0 0 0 0 0 0 0 0 0 0 0 0 0 0 0 0 0 0 0 0 0 0 0 0 0 0 0 0 0
0 0 0 0 0 0 0 0 0 0 0 0
##$LEVSIGN= 3
##$MAXLEV= 32
##$METHOD= 0
##$NEGBASE= -83834.79
##$NEGINCR= 1.8
##$POSBASE= 83834.79
##$POSINCR= 1.8
##END=
