P 0
231.749518   231.216875
216.841199   216.196720
215.258434   214.771283
214.020655   213.419773
211.243708   210.728124
209.224972   208.783314
145.249043   144.949550
144.270951   143.827398
139.789926   139.308462
132.734775   132.232460
131.491309   130.875263
130.873367   130.594725
128.826198   128.320092
127.882226   127.389389
125.763027   125.182995
124.779248   124.358441
117.942083   117.381007
116.857841   115.913869
100.556310   99.944055
96.511256   95.832657
92.246320   91.569617
91.103317   90.417137
86.878188   86.222336
86.190112   85.619558
84.374197   83.777106
80.236262   79.688454
79.686559   79.428767
79.426872   78.968154
78.966259   77.366434
77.364538   76.915298
76.913403   76.488805
54.341469   53.949095
35.956753   35.473394
34.597660   34.264048
34.262152   33.792061
27.153926   26.729328
19.020220   18.523592
16.828991   16.233796
8.539852   7.952239
5.503218   5.099471
