##TITLE= Parameter file, TOPSPIN		Version 3.2
##JCAMPDX= 5.0
##DATATYPE= Parameter Values
##NPOINTS= 2	$$ modification sequence number
##ORIGIN= Bruker BioSpin GmbH
##OWNER= nmrsu
$$ 2019-08-01 12:38:26.247 +0100  nmrsu@CZC1316Q6G
$$ C:/Data/MSc/Macnab/EMKM-42C5/5/pdata/1/clevels
$$ process C:\Bruker\TopSpin3.2.6\prog\mod\proc2d.exe
##$LEVELS= (0..255)
138907.54 -138907.54 144450.27 -144450.27 150214.18 -150214.18 156208.07
-156208.07 162441.14 -162441.14 168922.92 -168922.92 175663.34 -175663.34
182672.71 -182672.71 189961.78 -189961.78 197541.7 -197541.7 205424.07
-205424.07 213620.97 -213620.97 222144.95 -222144.95 231009.05 -231009.05
240226.85 -240226.85 249812.46 -249812.46 259780.56 -259780.56 270146.41
-270146.41 280925.88 -280925.88 292135.48 -292135.48 303792.37 -303792.37
315914.39 -315914.39 328520.11 -328520.11 341628.83 -341628.83 355260.62
-355260.62 369436.35 -369436.35 384177.72 -384177.72 399507.3 -399507.3
415448.58 -415448.58 432025.94 -432025.94 449264.79 -449264.79 467191.5
-467191.5 0 0 0 0 0 0 0 0 0 0 0 0 0 0 0 0 0 0 0 0 0 0 0 0 0 0 0 0 0 0 0
0 0 0 0 0 0 0 0 0 0 0 0 0 0 0 0 0 0 0 0 0 0 0 0 0 0 0 0 0 0 0 0 0 0 0 0
0 0 0 0 0 0 0 0 0 0 0 0 0 0 0 0 0 0 0 0 0 0 0 0 0 0 0 0 0 0 0 0 0 0 0 0
0 0 0 0 0 0 0 0 0 0 0 0 0 0 0 0 0 0 0 0 0 0 0 0 0 0 0 0 0 0 0 0 0 0 0 0
0 0 0 0 0 0 0 0 0 0 0 0 0 0 0 0 0 0 0 0 0 0 0 0 0 0 0 0 0 0 0 0 0 0 0 0
0 0 0 0 0 0 0 0 0 0 0 0 0 0 0 0 0
##$LEVSIGN= 3
##$MAXLEV= 32
##$METHOD= 0
##$NEGBASE= -138907.54
##$NEGINCR= 1.8
##$POSBASE= 138907.54
##$POSINCR= 1.8
##END=
